4277024.4954027785
1316216.8961388888
3155979.3755555553
3357198.9098472223
2412223.937208333
3543351.7501111114
3314621.090888889
3338658.928375
3394817.7973611113
2925697.0876805554
2656731.49425
2926886.623875
1214234.1261805554
1082615.3787916666
2292933.7564305556
2401792.0731527777
2955666.21775
3291803.646277778
1680814.084027778
1317639.4230555557
1921698.1095972222
1091861.80375
2176617.7312222226
4699652.331430556
1922476.587236111
4020837.747652779
2676621.914847222
3082121.9827916664
1200008.857013889
2525112.7468611114
2378935.577666667
2034891.2212500002
3543573.912069445
3318573.7107361113
2872383.2725277776
3697240.734166667
3786441.9370000004
1934330.9782083333
1690467.4704444446
1924136.2019722224
1932129.9736527777
2538755.854305555
2656706.538013889
2412935.200666667
3276887.1962777777
2285821.1218472226
2862899.75975
1327834.1992916665
1206173.1403194445
2747640.0719027775
2533410.820541667
1196689.6275416666
3707440.6671666666
1920342.7968611112
1329967.9896666666
1684540.2749583335
3424123.6267500003
3598103.018041667
1939716.7838750002
2599971.4405833334
5171705.075763889
3555572.330638889
2829026.3145694444
2961356.3254166665
2481566.663861111
2415780.2545
1928877.958361111
2645351.2789166663
3673615.0149027775
1799325.7871666667
2290799.9660555553
2410801.4102916666
1199771.7691944444
2527246.5372361112
2174958.116486111
1440960.0967638888
3649045.9550000005
2308710.6542499997
2055687.7351805556
1192422.0467916667
1916075.216111111
2396339.0533055556
2905955.8514444446
2638238.6443333332
3146453.887986111
1208544.0185138888
1193607.4858888888
1813618.270513889
1334235.5704166666
1334709.7460555555
2957088.7446666667
3383611.722625
1313608.930125
1682643.5724027778
1322855.3550833333
3890636.3704166673
5183796.554555556
2516103.409722222
1449021.082625
1806268.5481111112
