coop 	       4	       3.0	       1	       1	       4	       2699	       3239400
condo	       1	       1.0	       0	       0	       2	       990	       1710000
condo	       4	       3.0	       1	       1	       4	       2654	       3812400
condo	       2	       1.0	       1	       0	       3	       1453	       2431800
coop 	       5	       2.5	       0	       0	       4	       2308	       2908800
condo	       1	       1.0	       0	       0	       4	       955	       1941000
condo	       2	       1.0	       1	       0	       4	       1409	       2525400
coop 	       4	       2.0	       1	       1	       4	       2494	       3020400
coop 	       1	       1.0	       0	       0	       5	       987	       1456200
condo	       1	       1.0	       0	       0	       4	       998	       1918800
coop 	       2	       1.0	       1	       0	       3	       1459	       1835400
condo	       2	       1.0	       1	       0	       4	       1411	       2478600
coop 	       1	       1.0	       0	       0	       4	       972	       1375200
coop 	       3	       1.5	       1	       0	       4	       1863	       2341800
coop 	       1	       1.0	       0	       0	       5	       967	       1504200
condo	       2	       1.0	       1	       0	       5	       1447	       2644200
condo	       5	       4.0	       1	       0	       4	       2920	       4080000
coop 	       5	       3.0	       0	       0	       4	       2438	       3070800
condo	       2	       1.0	       1	       0	       3	       1470	       2394000
coop 	       1	       1.0	       0	       0	       2	       959	       1115400
condo	       2	       1.0	       1	       0	       3	       1417	       2362200
coop 	       3	       2.0	       1	       1	       3	       2199	       2555400
condo	       1	       1.0	       0	       0	       2	       931	       1698600
coop 	       3	       2.0	       1	       0	       4	       1997	       2458200
coop 	       2	       1.0	       1	       0	       5	       1475	       2001000
coop 	       6	       4.0	       0	       0	       4	       2931	       3546600
coop 	       1	       1.0	       0	       0	       2	       989	       1109400
condo	       6	       3.0	       0	       0	       2	       2672	       3667200
coop 	       3	       1.5	       1	       0	       3	       1857	       2254200
condo	       4	       2.0	       1	       1	       4	       2400	       3636000
condo	       1	       1.0	       0	       0	       4	       937	       1894200
condo	       2	       1.0	       1	       0	       3	       1419	       2387400
coop 	       2	       1.0	       1	       0	       5	       1468	       2044800
coop 	       1	       1.0	       0	       0	       2	       978	       1126800
condo	       5	       2.5	       0	       0	       4	       2290	       3582000
coop 	       2	       1.0	       1	       0	       4	       1412	       1951200
condo	       3	       1.5	       1	       0	       4	       1859	       2975400
condo	       1	       1.0	       0	       0	       5	       935	       2073000
condo	       1	       1.0	       0	       0	       3	       927	       1780200
condo	       1	       1.0	       0	       0	       2	       934	       1724400
coop 	       2	       1.0	       1	       0	       4	       1401	       1908600
coop 	       5	       2.5	       1	       0	       5	       2556	       3297600
condo	       1	       1.0	       0	       0	       2	       911	       1650600
condo	       5	       2.5	       1	       1	       3	       2855	       3969000
coop 	       2	       1.0	       1	       0	       2	       1408	       1624800
coop 	       1	       1.0	       0	       0	       3	       910	       1218000
condo	       4	       3.0	       1	       0	       4	       2419	       3503400
coop 	       1	       1.0	       0	       0	       2	       916	       1029600
condo	       5	       2.5	       0	       0	       3	       2361	       3432600
condo	       1	       1.0	       0	       0	       2	       984	       1670400
coop 	       2	       1.0	       1	       0	       3	       1462	       1837200
condo	       4	       2.0	       1	       1	       3	       2485	       3531000
coop 	       4	       2.0	       1	       1	       2	       2460	       2844000
condo	       2	       1.0	       1	       0	       3	       1482	       2401200
condo	       1	       1.0	       0	       0	       4	       930	       1890000
coop 	       1	       1.0	       0	       0	       3	       933	       1231800
condo	       5	       2.5	       0	       0	       2	       2322	       3337200
condo	       2	       1.0	       1	       0	       3	       1419	       2423400
coop 	       2	       1.0	       1	       0	       4	       1427	       1852200
condo	       2	       1.0	       1	       0	       4	       1465	       2523000
condo	       2	       1.0	       1	       0	       4	       1449	       2561400
condo	       6	       3.0	       1	       0	       3	       2904	       4094400
condo	       2	       1.0	       1	       0	       3	       1445	       2427000
coop 	       1	       1.0	       0	       0	       3	       985	       1179000
coop 	       4	       2.0	       1	       0	       3	       2238	       2662800
coop 	       5	       4.0	       1	       0	       3	       2931	       3414600
condo	       5	       4.0	       0	       0	       5	       2736	       3945600
condo	       1	       1.0	       0	       0	       3	       963	       1837800
condo	       1	       1.0	       0	       0	       2	       987	       1720200
coop 	       4	       2.0	       1	       1	       5	       2465	       3135000
condo	       1	       1.0	       0	       0	       4	       905	       1851000
coop 	       1	       1.0	       0	       0	       3	       992	       1219200
coop 	       2	       1.0	       1	       0	       3	       1434	       1820400
coop 	       6	       3.0	       0	       0	       3	       2659	       3203400
condo	       2	       1.0	       1	       0	       4	       1462	       2485200
condo	       4	       2.0	       1	       1	       3	       2447	       3472200
coop 	       5	       3.0	       0	       0	       3	       2456	       2877600
condo	       2	       1.0	       1	       0	       4	       1406	       2535600
coop 	       4	       2.0	       1	       0	       4	       2219	       2819400
coop 	       2	       1.0	       1	       0	       2	       1471	       1698600
condo	       4	       2.0	       1	       1	       5	       2484	       3770400
condo	       2	       1.0	       1	       0	       4	       1484	       2594400
coop 	       6	       3.0	       0	       0	       2	       2748	       3196800
condo	       2	       1.0	       1	       0	       5	       1478	       2674800
condo	       3	       1.5	       1	       0	       3	       1867	       2812200
condo	       4	       2.0	       1	       1	       4	       2483	       3637800
condo	       5	       2.5	       0	       0	       4	       2279	       3527400
coop 	       2	       1.0	       1	       0	       2	       1446	       1719600
condo	       1	       1.0	       0	       0	       4	       972	       1963200
coop 	       4	       2.0	       1	       0	       4	       2233	       2803800
coop 	       3	       1.5	       1	       0	       4	       1861	       2400600
condo	       1	       1.0	       0	       0	       3	       973	       1867800
coop 	       1	       1.0	       0	       0	       3	       935	       1161000
condo	       5	       4.0	       0	       0	       5	       2659	       3971400
coop 	       2	       1.0	       1	       0	       3	       1406	       1779600
condo	       5	       2.5	       0	       0	       5	       2305	       3675000
condo	       2	       1.0	       1	       0	       3	       1493	       2467800
condo	       4	       2.0	       1	       1	       4	       2434	       3668400
coop 	       2	       1.0	       1	       0	       4	       1452	       1951200
coop 	       2	       1.0	       1	       0	       4	       1443	       1885800
condo	       1	       1.0	       0	       0	       3	       926	       1743600
condo	       1	       1.0	       0	       0	       4	       984	       1934400
coop 	       1	       1.0	       0	       0	       4	       975	       1329000
coop 	       2	       1.0	       1	       0	       4	       1467	       1912200
coop 	       1	       1.0	       0	       0	       2	       942	       1069200
coop 	       4	       2.0	       1	       0	       4	       2208	       2788800
coop 	       6	       5.0	       0	       0	       3	       3160	       3576000
coop 	       2	       1.0	       1	       0	       2	       1409	       1697400
condo	       2	       1.0	       1	       0	       3	       1412	       2407200
condo	       1	       1.0	       0	       0	       2	       923	       1693800
condo	       5	       4.0	       1	       1	       3	       3195	       4233000
coop 	       2	       1.0	       1	       0	       3	       1438	       1798800
coop 	       1	       1.0	       0	       0	       3	       939	       1211400
coop 	       1	       1.0	       0	       0	       4	       906	       1347600
coop 	       6	       3.0	       1	       1	       3	       3233	       3823800
coop 	       7	       3.5	       2	       1	       3	       3826	       4395600
coop 	       3	       1.5	       1	       1	       5	       2072	       2671200
condo	       1	       1.0	       0	       0	       5	       956	       2109600
coop 	       1	       1.0	       0	       0	       5	       944	       1478400
condo	       2	       1.0	       1	       0	       5	       1427	       2680200
coop 	       2	       1.0	       1	       0	       4	       1437	       1930200
condo	       5	       4.0	       0	       0	       2	       2676	       3585600
coop 	       1	       1.0	       0	       0	       3	       964	       1166400
condo	       2	       1.0	       1	       0	       2	       1453	       2311800
condo	       2	       1.0	       1	       0	       4	       1459	       2483400
coop 	       2	       1.0	       1	       0	       2	       1422	       1633200
condo	       2	       1.0	       1	       0	       4	       1443	       2473800
condo	       1	       1.0	       0	       0	       4	       980	       1992000
condo	       2	       1.0	       1	       0	       3	       1450	       2358000
condo	       1	       1.0	       0	       0	       2	       923	       1645800
coop 	       2	       1.0	       1	       0	       2	       1431	       1614600
condo	       4	       2.0	       1	       1	       4	       2434	       3596400
coop 	       1	       1.0	       0	       0	       4	       940	       1308000
coop 	       2	       1.0	       1	       0	       3	       1425	       1815000
coop 	       2	       1.0	       1	       0	       4	       1445	       1911000
coop 	       2	       1.0	       1	       0	       2	       1486	       1647600
coop 	       1	       1.0	       0	       0	       3	       948	       1252800
coop 	       6	       3.0	       0	       0	       3	       2737	       3250200
condo	       3	       1.5	       1	       0	       5	       1803	       3037800
coop 	       4	       3.0	       1	       0	       5	       2445	       3135000
condo	       3	       1.5	       1	       1	       2	       2094	       2936400
condo	       6	       4.0	       0	       0	       3	       2936	       4101600
coop 	       4	       2.0	       1	       0	       4	       2202	       2725200
coop 	       2	       1.0	       1	       0	       2	       1410	       1710000
coop 	       4	       2.0	       1	       0	       4	       2245	       2751000
condo	       6	       4.0	       1	       0	       3	       3167	       4312200
condo	       2	       1.0	       1	       0	       3	       1430	       2382000
condo	       3	       1.5	       1	       1	       3	       2110	       3150000
condo	       1	       1.0	       0	       0	       4	       912	       1951200
coop 	       1	       1.0	       0	       0	       2	       902	       1009200
coop 	       3	       2.0	       1	       1	       3	       2196	       2601600
condo	       2	       1.0	       1	       0	       4	       1491	       2574600
coop 	       5	       3.0	       0	       0	       5	       2410	       3102000
coop 	       2	       1.0	       1	       0	       5	       1432	       2083200
condo	       4	       2.0	       1	       0	       3	       2201	       3300600
condo	       1	       1.0	       0	       0	       3	       955	       1773000
coop 	       4	       3.0	       1	       0	       5	       2453	       3043800
coop 	       5	       2.5	       0	       0	       4	       2323	       2977800
condo	       1	       1.0	       0	       0	       3	       948	       1852800
coop 	       2	       1.0	       1	       0	       4	       1444	       1886400
condo	       5	       2.5	       0	       0	       4	       2322	       3529200
condo	       2	       1.0	       1	       0	       3	       1407	       2392200
coop 	       5	       2.5	       0	       0	       3	       2371	       2886600
condo	       2	       1.0	       1	       0	       3	       1456	       2457600
coop 	       1	       1.0	       0	       0	       3	       960	       1200000
coop 	       1	       1.0	       0	       0	       4	       975	       1329000
coop 	       2	       1.0	       1	       0	       3	       1490	       1830000
condo	       5	       2.5	       0	       0	       3	       2278	       3394800
condo	       7	       6.0	       2	       1	       4	       4485	       5667000
condo	       1	       1.0	       0	       0	       2	       960	       1728000
coop 	       6	       3.0	       1	       0	       3	       2968	       3472800
coop 	       1	       1.0	       0	       0	       4	       965	       1311000
coop 	       3	       1.5	       1	       0	       3	       1809	       2249400
coop 	       2	       1.0	       1	       0	       3	       1465	       1767000
coop 	       3	       1.5	       1	       1	       4	       2076	       2589600
condo	       6	       3.0	       0	       0	       4	       2650	       3894000
coop 	       3	       1.5	       1	       1	       2	       2030	       2358000
coop 	       2	       1.0	       1	       0	       4	       1445	       1959000
condo	       1	       1.0	       0	       0	       4	       990	       1926000
coop 	       3	       1.5	       1	       1	       5	       2078	       2770800
coop 	       4	       2.0	       1	       0	       3	       2163	       2641800
coop 	       2	       1.0	       1	       0	       3	       1451	       1818600
condo	       2	       1.0	       1	       0	       2	       1451	       2226600
coop 	       4	       2.0	       1	       1	       3	       2467	       2968200
condo	       4	       2.0	       1	       0	       5	       2249	       3485400
condo	       2	       1.0	       1	       0	       4	       1451	       2478600
coop 	       2	       1.0	       1	       0	       5	       1462	       2053200
condo	       1	       1.0	       0	       0	       3	       971	       1878600
coop 	       4	       2.0	       1	       0	       3	       2157	       2650200
condo	       1	       1.0	       0	       0	       3	       992	       1891200
coop 	       1	       1.0	       0	       0	       4	       924	       1274400
coop 	       4	       2.0	       1	       0	       2	       2244	       2594400
condo	       2	       1.0	       1	       0	       4	       1488	       2536800
coop 	       2	       1.0	       1	       0	       4	       1480	       1920000
condo	       5	       2.5	       1	       0	       2	       2554	       3524400
condo	       1	       1.0	       0	       0	       4	       992	       1987200
condo	       5	       2.5	       0	       0	       3	       2287	       3448200
condo	       3	       1.5	       1	       1	       3	       2029	       3005400
condo	       3	       2.0	       1	       1	       4	       2175	       3225000
condo	       2	       1.0	       1	       0	       4	       1490	       2538000
coop 	       4	       2.0	       1	       0	       2	       2200	       2592000
coop 	       1	       1.0	       0	       0	       4	       942	       1357200
condo	       2	       1.0	       1	       0	       4	       1408	       2440800
condo	       1	       1.0	       0	       0	       4	       975	       1917000
condo	       1	       1.0	       0	       0	       4	       973	       1987800
condo	       1	       1.0	       0	       0	       4	       910	       1902000
condo	       2	       1.0	       1	       0	       4	       1456	       2517600
coop 	       3	       1.5	       1	       1	       4	       2081	       2640600
coop 	       4	       3.0	       1	       0	       2	       2432	       2767200
coop 	       1	       1.0	       0	       0	       2	       946	       1059600
coop 	       2	       1.0	       1	       0	       4	       1467	       1900200
condo	       5	       4.0	       0	       0	       4	       2722	       3817200
coop 	       1	       1.0	       0	       0	       3	       901	       1224600
condo	       5	       2.5	       0	       0	       5	       2373	       3691800
condo	       2	       1.0	       1	       0	       3	       1495	       2385000
coop 	       2	       1.0	       1	       0	       2	       1451	       1710600
coop 	       3	       1.5	       1	       0	       4	       1782	       2329200
coop 	       1	       1.0	       0	       0	       3	       935	       1233000
coop 	       4	       2.0	       1	       0	       4	       2201	       2784600
condo	       5	       2.5	       1	       1	       4	       2839	       4019400
coop 	       5	       2.5	       0	       0	       3	       2284	       2810400
condo	       2	       1.0	       1	       0	       4	       1475	       2577000
condo	       1	       1.0	       0	       0	       2	       981	       1740600
condo	       3	       2.0	       1	       1	       3	       2155	       3105000
condo	       1	       1.0	       0	       0	       3	       929	       1853400
condo	       5	       3.0	       0	       0	       4	       2406	       3639600
coop 	       4	       2.0	       1	       0	       4	       2181	       2772600
condo	       6	       3.0	       0	       0	       3	       2675	       3849000
condo	       2	       1.0	       1	       0	       4	       1486	       2559600
condo	       4	       2.0	       1	       1	       4	       2490	       3606000
condo	       3	       2.0	       1	       0	       3	       1964	       2882400
coop 	       2	       1.0	       1	       0	       3	       1424	       1790400
condo	       4	       3.0	       1	       0	       3	       2496	       3453600
coop 	       4	       2.0	       1	       0	       3	       2168	       2632800
condo	       4	       2.0	       1	       0	       3	       2245	       3255000
coop 	       2	       1.0	       1	       0	       3	       1488	       1876800
coop 	       3	       2.0	       1	       0	       2	       1910	       2166000
coop 	       5	       4.0	       0	       0	       2	       2711	       3006600
condo	       2	       1.0	       1	       0	       3	       1479	       2387400
condo	       5	       3.0	       0	       0	       3	       2438	       3490800
coop 	       1	       1.0	       0	       0	       3	       987	       1228200
condo	       1	       1.0	       0	       0	       3	       928	       1792800
coop 	       4	       2.0	       1	       0	       4	       2157	       2746200
condo	       6	       3.0	       0	       0	       3	       2727	       3916200
condo	       7	       6.0	       2	       1	       3	       4489	       5609400
condo	       6	       3.0	       0	       0	       3	       2711	       3858600
coop 	       1	       1.0	       0	       0	       4	       902	       1261200
condo	       6	       3.0	       0	       0	       3	       2739	       3851400
condo	       6	       3.0	       1	       0	       2	       2905	       4011000
condo	       1	       1.0	       0	       0	       2	       965	       1707000
condo	       3	       1.5	       1	       0	       3	       1815	       2865000
coop 	       5	       2.5	       1	       1	       5	       2843	       3613800
coop 	       2	       1.0	       1	       0	       3	       1410	       1746000
condo	       1	       1.0	       0	       0	       2	       998	       1726800
coop 	       3	       1.5	       1	       0	       5	       1858	       2530800
coop 	       3	       2.0	       1	       1	       3	       2152	       2503200
condo	       1	       1.0	       0	       0	       4	       902	       1933200
condo	       1	       1.0	       0	       0	       3	       955	       1785000
condo	       4	       3.0	       1	       1	       2	       2681	       3624600
condo	       2	       1.0	       1	       0	       4	       1414	       2480400
coop 	       2	       1.0	       1	       0	       4	       1458	       1882800
coop 	       2	       1.0	       1	       0	       2	       1435	       1629000
condo	       3	       2.0	       1	       0	       3	       1966	       2919600
condo	       3	       1.5	       1	       0	       3	       1824	       2822400
coop 	       5	       3.0	       0	       0	       3	       2462	       2941200
condo	       6	       3.0	       1	       0	       2	       2994	       4040400
condo	       2	       1.0	       1	       0	       3	       1439	       2363400
condo	       2	       1.0	       1	       0	       2	       1494	       2312400
coop 	       4	       2.0	       1	       0	       2	       2239	       2579400
condo	       5	       2.5	       1	       1	       3	       2867	       4012200
condo	       2	       1.0	       1	       0	       3	       1441	       2388600
coop 	       6	       5.0	       0	       0	       2	       3238	       3526800
condo	       1	       1.0	       0	       0	       4	       944	       1922400
coop 	       1	       1.0	       0	       0	       2	       911	       1026600
coop 	       1	       1.0	       0	       0	       4	       926	       1263600
condo	       4	       2.0	       1	       0	       4	       2193	       3379800
condo	       4	       2.0	       1	       1	       3	       2403	       3493800
coop 	       2	       1.0	       1	       0	       2	       1421	       1632600
condo	       2	       1.0	       1	       0	       4	       1444	       2570400
condo	       6	       4.0	       0	       0	       3	       2998	       4114800
condo	       2	       1.0	       1	       0	       2	       1475	       2253000
coop 	       2	       1.0	       1	       0	       4	       1474	       1880400
condo	       1	       1.0	       0	       0	       2	       939	       1739400
condo	       2	       1.0	       1	       0	       4	       1424	       2462400
coop 	       1	       1.0	       0	       0	       3	       940	       1212000
coop 	       1	       1.0	       0	       0	       3	       934	       1256400
coop 	       1	       1.0	       0	       0	       4	       983	       1369800
coop 	       1	       1.0	       0	       0	       3	       955	       1161000
condo	       5	       2.5	       1	       0	       2	       2603	       3577800
condo	       5	       3.0	       1	       0	       3	       2670	       3738000
coop 	       2	       1.0	       1	       0	       3	       1463	       1837800
coop 	       1	       1.0	       0	       0	       5	       906	       1419600
condo	       1	       1.0	       0	       0	       4	       980	       1944000
condo	       4	       2.0	       1	       0	       3	       2224	       3266400
condo	       1	       1.0	       0	       0	       5	       975	       2013000
condo	       2	       1.0	       1	       0	       5	       1438	       2650800
condo	       5	       2.5	       1	       0	       5	       2539	       3887400
condo	       5	       2.5	       0	       0	       3	       2291	       3438600
condo	       1	       1.0	       0	       0	       4	       999	       1991400
condo	       2	       1.0	       1	       0	       4	       1455	       2517000
coop 	       2	       1.0	       1	       0	       3	       1461	       1788600
condo	       6	       3.0	       1	       0	       4	       2948	       4276800
condo	       1	       1.0	       0	       0	       2	       926	       1623600
coop 	       1	       1.0	       0	       0	       4	       941	       1284600
coop 	       5	       3.0	       1	       0	       3	       2693	       3151800
coop 	       4	       2.0	       1	       1	       3	       2441	       2868600
condo	       2	       1.0	       1	       0	       5	       1461	       2592600
condo	       4	       2.0	       1	       0	       3	       2204	       3290400
condo	       1	       1.0	       0	       0	       5	       915	       2013000
condo	       3	       1.5	       1	       1	       4	       2031	       3222600
condo	       1	       1.0	       0	       0	       2	       979	       1739400
coop 	       2	       1.0	       1	       0	       3	       1495	       1821000
coop 	       3	       1.5	       1	       1	       3	       2038	       2446800
coop 	       6	       3.0	       0	       0	       4	       2746	       3459600
condo	       4	       3.0	       1	       0	       4	       2486	       3603600
condo	       2	       1.0	       1	       0	       3	       1494	       2480400
condo	       3	       1.5	       1	       0	       5	       1827	       3064200
condo	       2	       1.0	       1	       0	       3	       1408	       2344800
coop 	       3	       2.0	       1	       0	       4	       1916	       2433600
coop 	       1	       1.0	       0	       0	       3	       933	       1171800
condo	       1	       1.0	       0	       0	       4	       984	       2006400
coop 	       1	       1.0	       0	       0	       3	       998	       1282800
condo	       1	       1.0	       0	       0	       3	       936	       1761600
condo	       2	       1.0	       1	       0	       3	       1480	       2424000
coop 	       1	       1.0	       0	       0	       4	       975	       1341000
condo	       3	       1.5	       1	       1	       4	       2052	       3187200
coop 	       1	       1.0	       0	       0	       3	       981	       1236600
condo	       1	       1.0	       0	       0	       2	       966	       1743600
condo	       1	       1.0	       0	       0	       4	       988	       1900800
condo	       2	       1.0	       1	       0	       3	       1451	       2370600
coop 	       5	       4.0	       0	       0	       5	       2721	       3348600
condo	       1	       1.0	       0	       0	       5	       905	       2055000
coop 	       6	       3.0	       0	       0	       2	       2716	       3189600
coop 	       2	       1.0	       1	       0	       5	       1413	       2011800
coop 	       1	       1.0	       0	       0	       5	       916	       1389600
coop 	       2	       1.0	       1	       0	       3	       1411	       1734600
coop 	       6	       3.0	       0	       0	       3	       2672	       3235200
condo	       1	       1.0	       0	       0	       3	       956	       1785600
condo	       7	       3.5	       2	       1	       3	       3801	       5016600
condo	       2	       1.0	       1	       0	       4	       1403	       2521800
coop 	       2	       1.0	       1	       0	       4	       1499	       1991400
condo	       2	       1.0	       1	       0	       5	       1497	       2638200
condo	       1	       1.0	       0	       0	       4	       953	       1987800
condo	       5	       2.5	       0	       0	       3	       2285	       3387000
coop 	       5	       2.5	       0	       0	       3	       2283	       2809800
coop 	       6	       3.0	       1	       1	       2	       3160	       3660000
coop 	       6	       3.0	       1	       0	       3	       2925	       3543000
coop 	       3	       2.0	       1	       0	       5	       1900	       2544000
condo	       2	       1.0	       1	       0	       4	       1404	       2498400
coop 	       6	       3.0	       0	       0	       4	       2658	       3394800
coop 	       3	       1.5	       1	       1	       2	       2034	       2276400
coop 	       4	       3.0	       1	       0	       4	       2429	       2921400
condo	       5	       4.0	       0	       0	       5	       2735	       4041000
condo	       1	       1.0	       0	       0	       4	       922	       1933200
coop 	       6	       3.0	       1	       0	       3	       2908	       3472800
condo	       1	       1.0	       0	       0	       3	       992	       1831200
condo	       4	       2.0	       1	       1	       4	       2484	       3650400
coop 	       1	       1.0	       0	       0	       2	       990	       1146000
condo	       5	       4.0	       1	       1	       2	       3244	       4130400
condo	       7	       3.5	       2	       1	       2	       3807	       4948200
condo	       4	       3.0	       1	       0	       3	       2487	       3496200
condo	       2	       1.0	       1	       0	       3	       1450	       2370000
coop 	       2	       1.0	       1	       0	       2	       1488	       1648800
condo	       2	       1.0	       1	       0	       5	       1411	       2670600
condo	       5	       3.0	       0	       0	       4	       2456	       3621600
condo	       1	       1.0	       0	       0	       3	       936	       1845600
coop 	       3	       1.5	       1	       1	       4	       2051	       2598600
coop 	       1	       1.0	       0	       0	       3	       927	       1192200
coop 	       5	       2.5	       1	       0	       5	       2602	       3313200
coop 	       6	       3.0	       1	       1	       3	       3178	       3706800
condo	       1	       1.0	       0	       0	       2	       952	       1675200
condo	       2	       1.0	       1	       0	       4	       1417	       2518200
condo	       2	       1.0	       1	       0	       5	       1486	       2679600
condo	       2	       1.0	       1	       0	       5	       1448	       2632800
condo	       4	       2.0	       1	       1	       5	       2466	       3723600
coop 	       1	       1.0	       0	       0	       4	       935	       1305000
condo	       6	       3.0	       0	       0	       3	       2742	       3829200
condo	       3	       1.5	       1	       0	       4	       1847	       3016200
coop 	       2	       1.0	       1	       0	       5	       1402	       2029200
condo	       1	       1.0	       0	       0	       3	       938	       1834800
condo	       1	       1.0	       0	       0	       2	       989	       1769400
condo	       7	       4.0	       2	       1	       3	       3983	       5209800
condo	       5	       2.5	       0	       0	       3	       2319	       3407400
condo	       1	       1.0	       0	       0	       3	       998	       1882800
coop 	       6	       3.0	       1	       1	       5	       3244	       4022400
condo	       2	       1.0	       1	       0	       2	       1461	       2340600
condo	       2	       1.0	       1	       0	       2	       1439	       2267400
coop 	       1	       1.0	       0	       0	       3	       990	       1242000
condo	       1	       1.0	       0	       0	       4	       943	       1957800
coop 	       2	       1.0	       1	       0	       2	       1496	       1665600
coop 	       2	       1.0	       1	       0	       3	       1425	       1755000
condo	       3	       2.0	       1	       1	       5	       2187	       3424200
coop 	       5	       2.5	       0	       0	       3	       2366	       2883600
condo	       2	       1.0	       1	       0	       2	       1408	       2200800
condo	       2	       1.0	       1	       0	       4	       1460	       2580000
condo	       2	       1.0	       1	       0	       4	       1453	       2551800
condo	       1	       1.0	       0	       0	       3	       903	       1813800
condo	       6	       3.0	       0	       0	       3	       2716	       3909600
condo	       4	       2.0	       1	       0	       3	       2231	       3330600
coop 	       4	       2.0	       1	       1	       3	       2431	       2838600
coop 	       2	       1.0	       1	       0	       3	       1402	       1741200
condo	       6	       4.0	       0	       0	       3	       2902	       3973200
coop 	       4	       2.0	       1	       0	       2	       2182	       2581200
condo	       1	       1.0	       0	       0	       4	       971	       1998600
coop 	       4	       2.0	       1	       0	       3	       2189	       2657400
coop 	       2	       1.0	       1	       0	       4	       1487	       1972200
condo	       1	       1.0	       0	       0	       3	       950	       1758000
coop 	       2	       1.0	       1	       0	       2	       1457	       1666200
coop 	       2	       1.0	       1	       0	       2	       1411	       1650600
condo	       2	       1.0	       1	       0	       5	       1429	       2645400
condo	       1	       1.0	       0	       0	       3	       982	       1837200
coop 	       2	       1.0	       1	       0	       2	       1448	       1636800
condo	       1	       1.0	       0	       0	       5	       925	       1995000
condo	       2	       1.0	       1	       0	       3	       1456	       2373600
condo	       5	       4.0	       0	       0	       2	       2705	       3603000
coop 	       1	       1.0	       0	       0	       3	       961	       1188600
coop 	       4	       2.0	       1	       0	       3	       2236	       2685600
condo	       2	       1.0	       1	       0	       3	       1478	       2362800
coop 	       2	       1.0	       1	       0	       5	       1494	       2024400
coop 	       2	       1.0	       1	       0	       3	       1461	       1776600
coop 	       5	       2.5	       0	       0	       4	       2328	       2920800
condo	       1	       1.0	       0	       0	       2	       959	       1739400
condo	       3	       2.0	       1	       0	       4	       1914	       3020400
condo	       2	       1.0	       1	       0	       3	       1471	       2454600
coop 	       1	       1.0	       0	       0	       4	       919	       1295400
condo	       2	       1.0	       1	       0	       2	       1402	       2197200
coop 	       6	       4.0	       1	       1	       2	       3469	       3821400
condo	       4	       3.0	       1	       1	       5	       2689	       3965400
coop 	       2	       1.0	       1	       0	       4	       1457	       1882200
condo	       1	       1.0	       0	       0	       5	       915	       2085000
condo	       1	       1.0	       0	       0	       3	       982	       1873200
condo	       1	       1.0	       0	       0	       3	       935	       1773000
condo	       4	       3.0	       1	       1	       3	       2699	       3683400
condo	       4	       2.0	       1	       1	       4	       2453	       3679800
coop 	       1	       1.0	       0	       0	       2	       996	       1161600
condo	       3	       2.0	       1	       0	       5	       1966	       3135600
coop 	       2	       1.0	       1	       0	       5	       1447	       2032200
coop 	       2	       1.0	       1	       0	       3	       1497	       1846200
condo	       6	       5.0	       0	       0	       5	       3246	       4575600
condo	       3	       1.5	       1	       1	       5	       2071	       3318600
condo	       4	       3.0	       1	       1	       4	       2665	       3771000
condo	       2	       1.0	       1	       0	       3	       1437	       2434200
condo	       2	       1.0	       1	       0	       2	       1483	       2245800
coop 	       4	       2.0	       1	       1	       3	       2421	       2940600
coop 	       5	       3.0	       0	       0	       3	       2483	       2965800
condo	       3	       1.5	       1	       0	       5	       1820	       3096000
coop 	       4	       2.0	       1	       0	       2	       2159	       2495400
coop 	       4	       2.0	       1	       1	       3	       2454	       2888400
coop 	       1	       1.0	       0	       0	       4	       924	       1274400
coop 	       6	       3.0	       0	       0	       4	       2743	       3409800
condo	       4	       2.0	       1	       0	       4	       2217	       3334200
condo	       2	       1.0	       1	       0	       3	       1447	       2440200
condo	       2	       1.0	       1	       0	       3	       1480	       2436000
coop 	       1	       1.0	       0	       0	       4	       927	       1276200
condo	       5	       3.0	       0	       0	       5	       2409	       3737400
condo	       1	       1.0	       0	       0	       3	       947	       1864200
condo	       2	       1.0	       1	       0	       3	       1421	       2388600
coop 	       5	       4.0	       0	       0	       3	       2660	       3120000
condo	       4	       2.0	       1	       0	       2	       2194	       3092400
condo	       2	       1.0	       1	       0	       2	       1466	       2283600
condo	       2	       1.0	       1	       0	       3	       1421	       2400600
coop 	       2	       1.0	       1	       0	       3	       1475	       1833000
condo	       2	       1.0	       1	       0	       4	       1443	       2545800
coop 	       5	       4.0	       1	       0	       2	       2985	       3327000
coop 	       2	       1.0	       1	       0	       3	       1421	       1776600
coop 	       3	       2.0	       1	       1	       4	       2210	       2694000
condo	       6	       4.0	       0	       0	       4	       2903	       4189800
coop 	       6	       4.0	       0	       0	       2	       2907	       3352200
coop 	       2	       1.0	       1	       0	       3	       1443	       1837800
condo	       1	       1.0	       0	       0	       3	       947	       1768200
coop 	       1	       1.0	       0	       0	       2	       982	       1069200
condo	       3	       1.5	       1	       0	       3	       1820	       2796000
coop 	       2	       1.0	       1	       0	       5	       1481	       2016600
coop 	       4	       3.0	       1	       0	       3	       2493	       2935800
condo	       1	       1.0	       0	       0	       4	       952	       1927200
coop 	       1	       1.0	       0	       0	       4	       958	       1390800
condo	       5	       2.5	       0	       0	       2	       2353	       3379800
condo	       5	       3.0	       0	       0	       4	       2483	       3697800
coop 	       2	       1.0	       1	       0	       2	       1437	       1690200
coop 	       5	       3.0	       0	       0	       3	       2412	       2899200
condo	       6	       5.0	       0	       0	       2	       3246	       4107600
condo	       4	       2.0	       1	       0	       4	       2164	       3338400
condo	       2	       1.0	       1	       0	       2	       1483	       2317800
condo	       3	       1.5	       1	       0	       2	       1833	       2719800
coop 	       2	       1.0	       1	       0	       3	       1475	       1809000
condo	       3	       1.5	       1	       0	       5	       1795	       2997000
coop 	       1	       1.0	       0	       0	       4	       908	       1312800
condo	       7	       3.5	       2	       1	       3	       3820	       4992000
condo	       5	       2.5	       0	       0	       3	       2286	       3447600
condo	       4	       2.0	       1	       0	       4	       2180	       3396000
coop 	       2	       1.0	       1	       0	       5	       1442	       2029200
coop 	       2	       1.0	       1	       0	       3	       1495	       1857000
condo	       5	       2.5	       0	       0	       3	       2333	       3415800
condo	       2	       1.0	       1	       0	       4	       1472	       2563200
condo	       2	       1.0	       1	       0	       2	       1478	       2314800
coop 	       1	       1.0	       0	       0	       4	       919	       1319400
condo	       6	       3.0	       1	       0	       5	       2942	       4357200
coop 	       1	       1.0	       0	       0	       3	       931	       1254600
condo	       1	       1.0	       0	       0	       4	       925	       1899000
condo	       2	       1.0	       1	       0	       4	       1443	       2569800
condo	       1	       1.0	       0	       0	       3	       940	       1764000
condo	       5	       3.0	       1	       1	       4	       2994	       4220400
condo	       3	       2.0	       1	       0	       3	       1966	       2955600
coop 	       1	       1.0	       0	       0	       4	       969	       1373400
coop 	       6	       3.0	       0	       0	       4	       2698	       3370800
condo	       1	       1.0	       0	       0	       4	       934	       1952400
condo	       2	       1.0	       1	       0	       4	       1465	       2559000
coop 	       2	       1.0	       1	       0	       4	       1447	       1972200
coop 	       1	       1.0	       0	       0	       3	       938	       1258800
condo	       5	       2.5	       0	       0	       2	       2311	       3330600
coop 	       1	       1.0	       0	       0	       3	       994	       1196400
coop 	       3	       1.5	       1	       0	       3	       1780	       2244000
coop 	       2	       1.0	       1	       0	       3	       1479	       1823400
condo	       2	       1.0	       1	       0	       5	       1449	       2657400
coop 	       1	       1.0	       0	       0	       4	       917	       1270200
condo	       2	       1.0	       1	       0	       3	       1472	       2431200
coop 	       4	       2.0	       1	       0	       2	       2198	       2554800
coop 	       1	       1.0	       0	       0	       4	       910	       1362000
coop 	       5	       2.5	       0	       0	       4	       2373	       3007800
coop 	       3	       1.5	       1	       0	       4	       1792	       2335200
coop 	       6	       5.0	       0	       0	       2	       3237	       3586200
condo	       6	       5.0	       1	       0	       5	       3455	       4785000
coop 	       5	       2.5	       0	       0	       4	       2319	       2939400
coop 	       6	       3.0	       0	       0	       2	       2669	       3065400
condo	       3	       1.5	       1	       0	       3	       1787	       2800200
condo	       5	       4.0	       1	       0	       3	       2963	       3973800
condo	       6	       3.0	       1	       0	       4	       2923	       4165800
condo	       2	       1.0	       1	       0	       2	       1465	       2319000
coop 	       6	       3.0	       0	       0	       2	       2741	       3216600
condo	       3	       1.5	       1	       0	       2	       1818	       2734800
condo	       3	       1.5	       1	       0	       3	       1821	       2808600
coop 	       4	       2.0	       1	       0	       2	       2166	       2523600
condo	       2	       1.0	       1	       0	       5	       1466	       2691600
condo	       1	       1.0	       0	       0	       4	       919	       1859400
coop 	       1	       1.0	       0	       0	       4	       909	       1361400
condo	       2	       1.0	       1	       0	       4	       1470	       2550000
condo	       5	       2.5	       0	       0	       3	       2300	       3384000
condo	       1	       1.0	       0	       0	       4	       941	       1884600
coop 	       2	       1.0	       1	       0	       4	       1469	       1973400
coop 	       3	       1.5	       1	       1	       5	       2067	       2716200
condo	       6	       3.0	       0	       0	       3	       2746	       3891600
condo	       2	       1.0	       1	       0	       4	       1487	       2500200
condo	       2	       1.0	       1	       0	       4	       1485	       2523000
condo	       1	       1.0	       0	       0	       3	       985	       1851000
coop 	       2	       1.0	       1	       0	       3	       1458	       1810800
condo	       2	       1.0	       1	       0	       4	       1469	       2501400
condo	       2	       1.0	       1	       0	       2	       1403	       2269800
condo	       6	       3.0	       1	       0	       5	       2999	       4427400
condo	       2	       1.0	       1	       0	       3	       1420	       2436000
coop 	       5	       2.5	       0	       0	       3	       2374	       2876400
coop 	       2	       1.0	       1	       0	       2	       1410	       1686000
coop 	       7	       5.0	       2	       1	       2	       4161	       4548600
condo	       6	       3.0	       1	       0	       2	       2924	       3950400
condo	       4	       2.0	       1	       0	       3	       2242	       3277200
coop 	       7	       3.5	       2	       1	       2	       3870	       4302000
coop 	       6	       3.0	       1	       0	       2	       2998	       3430800
coop 	       2	       1.0	       1	       0	       3	       1488	       1792800
coop 	       2	       1.0	       1	       0	       4	       1448	       1864800
coop 	       2	       1.0	       1	       0	       4	       1496	       1965600
condo	       1	       1.0	       0	       0	       4	       968	       1996800
coop 	       3	       1.5	       1	       1	       5	       2042	       2689200
coop 	       2	       1.0	       1	       0	       3	       1434	       1784400
condo	       2	       1.0	       1	       0	       5	       1431	       2634600
condo	       7	       3.5	       2	       1	       4	       3781	       5124600
condo	       2	       1.0	       1	       0	       3	       1494	       2420400
coop 	       2	       1.0	       1	       0	       5	       1495	       2121000
condo	       2	       1.0	       1	       0	       5	       1444	       2690400
coop 	       6	       5.0	       0	       0	       2	       3243	       3505800
coop 	       1	       1.0	       0	       0	       4	       920	       1356000
coop 	       4	       2.0	       1	       0	       2	       2225	       2511000
coop 	       1	       1.0	       0	       0	       4	       952	       1291200
coop 	       5	       2.5	       1	       0	       3	       2532	       3031200
condo	       2	       1.0	       1	       0	       4	       1432	       2491200
condo	       1	       1.0	       0	       0	       3	       997	       1786200
coop 	       1	       1.0	       0	       0	       4	       950	       1314000
coop 	       2	       1.0	       1	       0	       2	       1433	       1663800
coop 	       2	       1.0	       1	       0	       3	       1479	       1763400
coop 	       1	       1.0	       0	       0	       2	       913	       1051800
coop 	       1	       1.0	       0	       0	       4	       978	       1342800
coop 	       2	       1.0	       1	       0	       3	       1497	       1822200
coop 	       2	       1.0	       1	       0	       5	       1455	       2025000
coop 	       2	       1.0	       1	       0	       4	       1482	       1969200
condo	       6	       3.0	       1	       0	       4	       2939	       4211400
condo	       3	       1.5	       1	       1	       5	       2097	       3310200
condo	       1	       1.0	       0	       0	       4	       979	       1907400
coop 	       1	       1.0	       0	       0	       5	       942	       1465200
coop 	       2	       1.0	       1	       0	       2	       1434	       1688400
condo	       3	       1.5	       1	       0	       3	       1814	       2852400
coop 	       4	       2.0	       1	       0	       2	       2239	       2603400
condo	       1	       1.0	       0	       0	       3	       957	       1846200
condo	       5	       2.5	       0	       0	       5	       2357	       3706200
coop 	       2	       1.0	       1	       0	       5	       1462	       2029200
condo	       4	       2.0	       1	       0	       5	       2228	       3544800
condo	       2	       1.0	       1	       0	       4	       1486	       2535600
coop 	       2	       1.0	       1	       0	       4	       1418	       1858800
condo	       5	       2.5	       0	       0	       2	       2293	       3307800
condo	       4	       2.0	       1	       1	       2	       2400	       3396000
coop 	       6	       3.0	       1	       1	       2	       3171	       3630600
coop 	       2	       1.0	       1	       0	       3	       1424	       1754400
coop 	       5	       3.0	       0	       0	       3	       2415	       2865000
condo	       2	       1.0	       1	       0	       4	       1407	       2488200
condo	       7	       5.0	       2	       1	       4	       4202	       5521200
coop 	       5	       2.5	       0	       0	       3	       2345	       2835000
condo	       2	       1.0	       1	       0	       5	       1487	       2620200
coop 	       2	       1.0	       1	       0	       2	       1452	       1639200
condo	       2	       1.0	       1	       0	       3	       1494	       2384400
condo	       6	       3.0	       0	       0	       3	       2725	       3867000
condo	       1	       1.0	       0	       0	       2	       991	       1662600
coop 	       1	       1.0	       0	       0	       4	       924	       1334400
coop 	       2	       1.0	       1	       0	       4	       1452	       1963200
condo	       3	       1.5	       1	       0	       2	       1861	       2676600
condo	       2	       1.0	       1	       0	       2	       1492	       2287200
coop 	       1	       1.0	       0	       0	       2	       912	       1123200
coop 	       5	       2.5	       1	       0	       4	       2582	       3229200
coop 	       1	       1.0	       0	       0	       4	       929	       1313400
coop 	       1	       1.0	       0	       0	       2	       989	       1073400
condo	       1	       1.0	       0	       0	       2	       924	       1634400
coop 	       3	       2.0	       1	       0	       3	       1918	       2350800
condo	       5	       4.0	       1	       0	       3	       2939	       4019400
condo	       2	       1.0	       1	       0	       4	       1445	       2559000
coop 	       2	       1.0	       1	       0	       3	       1425	       1767000
condo	       5	       2.5	       0	       0	       3	       2309	       3377400
condo	       1	       1.0	       0	       0	       4	       959	       1991400
condo	       2	       1.0	       1	       0	       3	       1437	       2446200
coop 	       1	       1.0	       0	       0	       5	       939	       1463400
condo	       5	       2.5	       0	       0	       2	       2346	       3327600
condo	       6	       3.0	       0	       0	       2	       2703	       3757800
coop 	       1	       1.0	       0	       0	       4	       910	       1278000
coop 	       2	       1.0	       1	       0	       4	       1479	       1991400
coop 	       2	       1.0	       1	       0	       4	       1491	       1926600
coop 	       2	       1.0	       1	       0	       3	       1450	       1782000
coop 	       1	       1.0	       0	       0	       3	       910	       1170000
condo	       1	       1.0	       0	       0	       2	       911	       1698600
coop 	       6	       4.0	       0	       0	       3	       2915	       3489000
coop 	       2	       1.0	       1	       0	       4	       1478	       1966800
coop 	       1	       1.0	       0	       0	       3	       958	       1222800
coop 	       6	       3.0	       0	       0	       4	       2677	       3382200
coop 	       3	       1.5	       1	       0	       2	       1823	       2077800
condo	       5	       3.0	       0	       0	       4	       2400	       3612000
condo	       1	       1.0	       0	       0	       2	       913	       1675800
condo	       1	       1.0	       0	       0	       2	       950	       1686000
coop 	       5	       2.5	       1	       1	       2	       2804	       3182400
condo	       1	       1.0	       0	       0	       4	       950	       1974000
coop 	       1	       1.0	       0	       0	       5	       934	       1388400
condo	       1	       1.0	       0	       0	       4	       976	       1917600
condo	       1	       1.0	       0	       0	       4	       991	       1986600
condo	       1	       1.0	       0	       0	       3	       914	       1748400
coop 	       3	       2.0	       1	       0	       4	       1943	       2389800
coop 	       2	       1.0	       1	       0	       3	       1469	       1805400
coop 	       7	       3.5	       2	       1	       2	       3824	       4382400
coop 	       2	       1.0	       1	       0	       4	       1458	       1942800
condo	       5	       2.5	       1	       0	       3	       2603	       3673800
coop 	       1	       1.0	       0	       0	       3	       989	       1181400
coop 	       6	       3.0	       0	       0	       5	       2653	       3523800
coop 	       2	       1.0	       1	       0	       4	       1475	       1941000
condo	       2	       1.0	       1	       0	       4	       1408	       2512800
condo	       2	       1.0	       1	       0	       5	       1435	       2661000
coop 	       2	       1.0	       1	       0	       3	       1436	       1773600
coop 	       2	       1.0	       1	       0	       4	       1444	       1910400
condo	       1	       1.0	       0	       0	       4	       987	       1960200
condo	       6	       3.0	       0	       0	       3	       2677	       3898200
coop 	       7	       3.5	       2	       1	       4	       3803	       4513800
coop 	       3	       1.5	       1	       0	       2	       1851	       2142600
coop 	       6	       3.0	       1	       1	       3	       3186	       3747600
condo	       4	       3.0	       1	       1	       5	       2681	       3984600
coop 	       1	       1.0	       0	       0	       4	       996	       1401600
coop 	       2	       1.0	       1	       0	       2	       1494	       1736400
condo	       6	       3.0	       1	       1	       5	       3248	       4612800
coop 	       4	       2.0	       1	       1	       4	       2418	       3022800
condo	       2	       1.0	       1	       0	       4	       1443	       2533800
condo	       6	       4.0	       1	       1	       4	       3479	       4715400
coop 	       3	       1.5	       1	       0	       5	       1809	       2513400
condo	       2	       1.0	       1	       0	       4	       1405	       2475000
coop 	       2	       1.0	       1	       0	       2	       1426	       1683600
condo	       1	       1.0	       0	       0	       4	       927	       1924200
condo	       6	       4.0	       0	       0	       3	       2946	       4059600
coop 	       2	       1.0	       1	       0	       4	       1417	       1942200
coop 	       2	       1.0	       1	       0	       4	       1418	       1954800
condo	       5	       4.0	       1	       0	       4	       2965	       4083000
condo	       3	       1.5	       1	       0	       4	       1847	       2944200
condo	       1	       1.0	       0	       0	       3	       907	       1768200
condo	       3	       1.5	       1	       1	       5	       2089	       3329400
condo	       2	       1.0	       1	       0	       5	       1431	       2634600
coop 	       1	       1.0	       0	       0	       3	       904	       1154400
coop 	       2	       1.0	       1	       0	       3	       1458	       1834800
coop 	       6	       4.0	       0	       0	       3	       2998	       3430800
coop 	       2	       1.0	       1	       0	       4	       1456	       1953600
coop 	       1	       1.0	       0	       0	       3	       967	       1240200
coop 	       6	       4.0	       1	       0	       5	       3216	       3993600
condo	       3	       1.5	       1	       0	       2	       1830	       2670000
condo	       1	       1.0	       0	       0	       3	       931	       1770600
coop 	       2	       1.0	       1	       0	       4	       1405	       1887000
coop 	       7	       3.5	       2	       1	       2	       3778	       4330800
condo	       2	       1.0	       1	       0	       3	       1434	       2360400
condo	       2	       1.0	       1	       0	       4	       1470	       2574000
condo	       6	       3.0	       1	       0	       5	       2934	       4328400
condo	       2	       1.0	       1	       0	       4	       1467	       2560200
coop 	       3	       1.5	       1	       0	       5	       1859	       2459400
coop 	       2	       1.0	       1	       0	       2	       1416	       1713600
coop 	       1	       1.0	       0	       0	       2	       914	       1100400
condo	       2	       1.0	       1	       0	       2	       1436	       2265600
condo	       1	       1.0	       0	       0	       3	       913	       1759800
coop 	       6	       3.0	       0	       0	       3	       2675	       3273000
coop 	       1	       1.0	       0	       0	       3	       985	       1239000
coop 	       3	       1.5	       1	       0	       3	       1782	       2209200
condo	       5	       3.0	       0	       0	       2	       2457	       3406200
coop 	       2	       1.0	       1	       0	       3	       1497	       1858200
condo	       1	       1.0	       0	       0	       3	       922	       1777200
condo	       4	       3.0	       1	       0	       4	       2456	       3609600
condo	       2	       1.0	       1	       0	       3	       1474	       2432400
coop 	       1	       1.0	       0	       0	       5	       942	       1477200
coop 	       1	       1.0	       0	       0	       3	       984	       1250400
coop 	       1	       1.0	       0	       0	       5	       977	       1486200
coop 	       2	       1.0	       1	       0	       5	       1405	       1995000
condo	       5	       2.5	       1	       0	       2	       2543	       3541800
condo	       2	       1.0	       1	       0	       2	       1467	       2332200
coop 	       6	       3.0	       1	       1	       2	       3212	       3619200
condo	       1	       1.0	       0	       0	       4	       962	       1897200
condo	       4	       2.0	       1	       1	       4	       2413	       3559800
condo	       2	       1.0	       1	       0	       4	       1447	       2524200
coop 	       2	       1.0	       1	       0	       3	       1460	       1848000
condo	       6	       4.0	       0	       0	       2	       2922	       3949200
condo	       1	       1.0	       0	       0	       4	       919	       1943400
coop 	       2	       1.0	       1	       0	       4	       1498	       1990800
condo	       2	       1.0	       1	       0	       2	       1444	       2270400
condo	       1	       1.0	       0	       0	       3	       952	       1831200
coop 	       4	       2.0	       1	       0	       5	       2231	       2862600
coop 	       2	       1.0	       1	       0	       3	       1499	       1847400
condo	       5	       2.5	       0	       0	       2	       2313	       3307800
condo	       1	       1.0	       0	       0	       3	       981	       1860600
coop 	       1	       1.0	       0	       0	       4	       941	       1320600
coop 	       2	       1.0	       1	       0	       4	       1494	       1952400
condo	       2	       1.0	       1	       0	       4	       1482	       2557200
coop 	       1	       1.0	       0	       0	       5	       995	       1449000
condo	       4	       3.0	       1	       1	       2	       2697	       3562200
condo	       6	       3.0	       0	       0	       3	       2656	       3813600
condo	       4	       3.0	       1	       0	       3	       2407	       3484200
condo	       2	       1.0	       1	       0	       5	       1409	       2573400
coop 	       5	       2.5	       0	       0	       5	       2334	       3056400
coop 	       2	       1.0	       1	       0	       4	       1406	       1947600
coop 	       5	       3.0	       0	       0	       2	       2498	       2794800
condo	       6	       3.0	       0	       0	       4	       2672	       4015200
coop 	       1	       1.0	       0	       0	       3	       968	       1276800
coop 	       1	       1.0	       0	       0	       2	       937	       1054200
condo	       3	       1.5	       1	       1	       5	       2088	       3364800
coop 	       3	       2.0	       1	       1	       4	       2234	       2768400
condo	       1	       1.0	       0	       0	       4	       909	       1901400
coop 	       2	       1.0	       1	       0	       4	       1463	       1873800
condo	       2	       1.0	       1	       0	       5	       1464	       2606400
condo	       2	       1.0	       1	       0	       3	       1438	       2350800
coop 	       1	       1.0	       0	       0	       4	       923	       1297800
condo	       2	       1.0	       1	       0	       5	       1442	       2641200
coop 	       1	       1.0	       0	       0	       2	       938	       1030800
condo	       1	       1.0	       0	       0	       4	       963	       1885800
condo	       1	       1.0	       0	       0	       5	       941	       2064600
condo	       3	       1.5	       1	       0	       5	       1775	       3069000
coop 	       2	       1.0	       1	       0	       3	       1419	       1835400
condo	       1	       1.0	       0	       0	       4	       941	       1896600
condo	       2	       1.0	       1	       0	       2	       1410	       2226000
coop 	       4	       3.0	       1	       1	       4	       2730	       3246000
condo	       2	       1.0	       1	       0	       3	       1417	       2398200
condo	       1	       1.0	       0	       0	       2	       992	       1699200
coop 	       1	       1.0	       0	       0	       4	       936	       1329600
coop 	       3	       2.0	       1	       0	       3	       1986	       2319600
coop 	       2	       1.0	       1	       0	       5	       1467	       2044200
coop 	       2	       1.0	       1	       0	       4	       1424	       1898400
condo	       3	       2.0	       1	       1	       5	       2249	       3425400
coop 	       2	       1.0	       1	       0	       4	       1435	       1893000
coop 	       3	       2.0	       1	       1	       4	       2161	       2676600
coop 	       3	       2.0	       1	       0	       2	       1954	       2228400
coop 	       1	       1.0	       0	       0	       4	       905	       1347000
coop 	       1	       1.0	       0	       0	       3	       970	       1254000
coop 	       1	       1.0	       0	       0	       2	       924	       1106400
condo	       4	       3.0	       1	       0	       4	       2477	       3550200
condo	       2	       1.0	       1	       0	       4	       1416	       2541600
condo	       7	       3.5	       2	       1	       3	       3793	       5083800
coop 	       2	       1.0	       1	       0	       4	       1484	       1898400
coop 	       5	       4.0	       0	       0	       3	       2678	       3070800
condo	       6	       3.0	       0	       0	       4	       2670	       3966000
condo	       1	       1.0	       0	       0	       4	       964	       1994400
coop 	       1	       1.0	       0	       0	       3	       919	       1151400
coop 	       3	       2.0	       1	       1	       4	       2195	       2637000
condo	       1	       1.0	       0	       0	       3	       969	       1853400
coop 	       2	       1.0	       1	       0	       4	       1408	       1840800
condo	       1	       1.0	       0	       0	       5	       968	       2116800
condo	       5	       4.0	       0	       0	       4	       2660	       3780000
coop 	       1	       1.0	       0	       0	       4	       995	       1389000
condo	       4	       2.0	       1	       0	       2	       2186	       3087600
condo	       1	       1.0	       0	       0	       3	       969	       1877400
coop 	       2	       1.0	       1	       0	       2	       1455	       1737000
condo	       4	       2.0	       1	       1	       3	       2414	       3476400
condo	       1	       1.0	       0	       0	       4	       929	       1937400
condo	       2	       1.0	       1	       0	       4	       1471	       2586600
coop 	       3	       2.0	       1	       1	       3	       2191	       2622600
coop 	       1	       1.0	       0	       0	       3	       916	       1161600
coop 	       3	       2.0	       1	       0	       4	       1950	       2406000
coop 	       1	       1.0	       0	       0	       5	       923	       1441800
condo	       3	       1.5	       1	       1	       3	       2101	       3120600
coop 	       5	       4.0	       0	       0	       2	       2680	       2976000
coop 	       6	       3.0	       1	       1	       2	       3235	       3657000
coop 	       2	       1.0	       1	       0	       2	       1488	       1744800
coop 	       1	       1.0	       0	       0	       4	       930	       1302000
coop 	       1	       1.0	       0	       0	       3	       935	       1221000
condo	       4	       2.0	       1	       1	       3	       2495	       3561000
coop 	       2	       1.0	       1	       0	       4	       1411	       1866600
condo	       6	       3.0	       1	       0	       2	       2977	       4006200
coop 	       5	       3.0	       1	       0	       2	       2721	       3120600
condo	       3	       1.5	       1	       0	       4	       1813	       2995800
coop 	       6	       3.0	       0	       0	       3	       2661	       3264600
condo	       3	       2.0	       1	       0	       3	       1966	       2907600
coop 	       2	       1.0	       1	       0	       2	       1404	       1706400
condo	       3	       1.5	       1	       0	       3	       1816	       2793600
coop 	       2	       1.0	       1	       0	       4	       1404	       1922400
coop 	       6	       3.0	       0	       0	       2	       2719	       3179400
condo	       4	       2.0	       1	       0	       5	       2176	       3537600
condo	       6	       3.0	       1	       0	       4	       2941	       4284600
condo	       1	       1.0	       0	       0	       3	       930	       1830000
coop 	       3	       1.5	       1	       0	       3	       1779	       2159400
condo	       1	       1.0	       0	       0	       3	       965	       1815000
coop 	       3	       1.5	       1	       0	       4	       1808	       2308800
coop 	       1	       1.0	       0	       0	       4	       979	       1307400
coop 	       1	       1.0	       0	       0	       3	       997	       1186200
coop 	       1	       1.0	       0	       0	       4	       906	       1347600
coop 	       2	       1.0	       1	       0	       4	       1406	       1899600
coop 	       2	       1.0	       1	       0	       3	       1429	       1757400
condo	       1	       1.0	       0	       0	       5	       909	       1985400
coop 	       1	       1.0	       0	       0	       4	       977	       1330200
condo	       5	       2.5	       1	       0	       3	       2566	       3663600
coop 	       4	       2.0	       1	       0	       3	       2195	       2649000
condo	       2	       1.0	       1	       0	       5	       1498	       2626800
coop 	       1	       1.0	       0	       0	       4	       909	       1265400
coop 	       6	       3.0	       0	       0	       3	       2728	       3292800
condo	       1	       1.0	       0	       0	       4	       959	       1979400
condo	       1	       1.0	       0	       0	       3	       977	       1882200
condo	       6	       3.0	       0	       0	       3	       2680	       3828000
coop 	       2	       1.0	       1	       0	       3	       1450	       1746000
coop 	       1	       1.0	       0	       0	       3	       974	       1244400
coop 	       3	       1.5	       1	       0	       3	       1796	       2181600
condo	       1	       1.0	       0	       0	       4	       933	       1927800
condo	       3	       1.5	       1	       1	       5	       2049	       3293400
coop 	       2	       1.0	       1	       0	       2	       1414	       1712400
coop 	       2	       1.0	       1	       0	       4	       1496	       1941600
condo	       1	       1.0	       0	       0	       5	       981	       2028600
condo	       2	       1.0	       1	       0	       3	       1449	       2357400
coop 	       4	       2.0	       1	       0	       2	       2181	       2568600
coop 	       1	       1.0	       0	       0	       4	       992	       1315200
condo	       2	       1.0	       1	       0	       5	       1486	       2631600
coop 	       7	       6.0	       2	       1	       4	       4469	       5033400
coop 	       4	       3.0	       1	       1	       5	       2665	       3291000
condo	       2	       1.0	       1	       0	       2	       1414	       2312400
coop 	       5	       2.5	       0	       0	       4	       2281	       2976600
coop 	       1	       1.0	       0	       0	       4	       901	       1296600
condo	       2	       1.0	       1	       0	       4	       1408	       2512800
condo	       2	       1.0	       1	       0	       5	       1455	       2589000
condo	       2	       1.0	       1	       0	       4	       1456	       2517600
condo	       3	       1.5	       1	       1	       4	       2077	       3178200
coop 	       6	       3.0	       1	       0	       4	       2925	       3615000
coop 	       2	       1.0	       1	       0	       3	       1446	       1803600
coop 	       1	       1.0	       0	       0	       4	       949	       1301400
condo	       1	       1.0	       0	       0	       3	       984	       1874400
coop 	       1	       1.0	       0	       0	       3	       903	       1129800
condo	       2	       1.0	       1	       0	       2	       1442	       2293200
coop 	       6	       3.0	       0	       0	       5	       2749	       3557400
condo	       1	       1.0	       0	       0	       4	       973	       1951800
condo	       3	       2.0	       1	       1	       3	       2199	       3179400
coop 	       1	       1.0	       0	       0	       4	       962	       1285200
coop 	       4	       3.0	       1	       0	       5	       2448	       3136800
condo	       1	       1.0	       0	       0	       2	       998	       1750800
condo	       4	       2.0	       1	       0	       3	       2187	       3304200
coop 	       2	       1.0	       1	       0	       3	       1452	       1843200
coop 	       2	       1.0	       1	       0	       3	       1443	       1753800
coop 	       2	       1.0	       1	       0	       3	       1477	       1810200
coop 	       2	       1.0	       1	       0	       2	       1436	       1677600
condo	       4	       2.0	       1	       0	       3	       2190	       3246000
coop 	       1	       1.0	       0	       0	       4	       994	       1376400
coop 	       1	       1.0	       0	       0	       3	       955	       1269000
condo	       1	       1.0	       0	       0	       2	       951	       1638600
coop 	       1	       1.0	       0	       0	       2	       905	       1059000
coop 	       2	       1.0	       1	       0	       4	       1459	       1919400
coop 	       2	       1.0	       1	       0	       4	       1413	       1855800
coop 	       4	       2.0	       1	       1	       4	       2408	       3040800
coop 	       1	       1.0	       0	       0	       2	       945	       1131000
coop 	       6	       3.0	       0	       0	       4	       2669	       3341400
coop 	       3	       2.0	       1	       0	       3	       1952	       2323200
condo	       1	       1.0	       0	       0	       4	       918	       1966800
condo	       1	       1.0	       0	       0	       2	       907	       1660200
coop 	       1	       1.0	       0	       0	       3	       916	       1173600
condo	       2	       1.0	       1	       0	       3	       1405	       2403000
condo	       3	       1.5	       1	       1	       4	       2095	       3237000
coop 	       3	       1.5	       1	       0	       4	       1852	       2407200
coop 	       1	       1.0	       0	       0	       3	       958	       1234800
condo	       2	       1.0	       1	       0	       4	       1461	       2556600
condo	       2	       1.0	       1	       0	       5	       1408	       2644800
coop 	       5	       4.0	       1	       0	       2	       2992	       3343200
coop 	       7	       3.5	       2	       1	       3	       3863	       4417800
condo	       2	       1.0	       1	       0	       3	       1479	       2471400
condo	       2	       1.0	       1	       0	       4	       1433	       2515800
condo	       1	       1.0	       0	       0	       4	       957	       1906200
coop 	       2	       1.0	       1	       0	       3	       1490	       1866000
coop 	       5	       4.0	       1	       0	       2	       2924	       3302400
coop 	       1	       1.0	       0	       0	       3	       907	       1204200
coop 	       1	       1.0	       0	       0	       4	       937	       1294200
condo	       5	       4.0	       0	       0	       3	       2699	       3683400
condo	       1	       1.0	       0	       0	       3	       921	       1800600
condo	       1	       1.0	       0	       0	       4	       987	       1948200
coop 	       2	       1.0	       1	       0	       3	       1443	       1765800
condo	       4	       2.0	       1	       0	       3	       2239	       3323400
coop 	       1	       1.0	       0	       0	       4	       987	       1408200
coop 	       2	       1.0	       1	       0	       4	       1416	       1953600
condo	       3	       1.5	       1	       0	       3	       1845	       2883000
coop 	       2	       1.0	       1	       0	       3	       1499	       1787400
condo	       5	       2.5	       0	       0	       3	       2297	       3382200
condo	       3	       1.5	       1	       0	       2	       1833	       2671800
coop 	       1	       1.0	       0	       0	       4	       942	       1321200
coop 	       2	       1.0	       1	       0	       5	       1488	       2104800
condo	       5	       3.0	       0	       0	       4	       2438	       3586800
coop 	       2	       1.0	       1	       0	       5	       1489	       2057400
coop 	       1	       1.0	       0	       0	       3	       947	       1156200
condo	       6	       3.0	       0	       0	       4	       2688	       3988800
coop 	       2	       1.0	       1	       0	       5	       1429	       1973400
coop 	       2	       1.0	       1	       0	       3	       1420	       1740000
condo	       3	       1.5	       1	       1	       3	       2080	       3120000
condo	       2	       1.0	       1	       0	       3	       1450	       2430000
coop 	       1	       1.0	       0	       0	       4	       988	       1360800
condo	       6	       4.0	       0	       0	       3	       2931	       4038600
coop 	       2	       1.0	       1	       0	       4	       1446	       1935600
condo	       2	       1.0	       1	       0	       3	       1400	       2364000
condo	       4	       3.0	       1	       1	       4	       2681	       3816600
coop 	       1	       1.0	       0	       0	       2	       972	       1063200
condo	       1	       1.0	       0	       0	       2	       913	       1651800
condo	       4	       2.0	       1	       0	       3	       2164	       3218400
coop 	       4	       2.0	       1	       1	       3	       2464	       2954400
coop 	       6	       5.0	       1	       1	       3	       3660	       4092000
condo	       2	       1.0	       1	       0	       5	       1455	       2661000
coop 	       4	       2.0	       1	       1	       3	       2411	       2862600
condo	       1	       1.0	       0	       0	       2	       993	       1771800
coop 	       5	       4.0	       0	       0	       4	       2722	       3313200
coop 	       2	       1.0	       1	       0	       4	       1416	       1869600
coop 	       3	       2.0	       1	       1	       3	       2214	       2576400
condo	       1	       1.0	       0	       0	       5	       966	       2103600
coop 	       1	       1.0	       0	       0	       2	       958	       1090800
condo	       2	       1.0	       1	       0	       3	       1467	       2440200
coop 	       6	       4.0	       1	       1	       4	       3424	       4034400
condo	       6	       3.0	       0	       0	       5	       2742	       4153200
coop 	       6	       3.0	       0	       0	       2	       2729	       3209400
condo	       4	       2.0	       1	       1	       3	       2477	       3502200
condo	       2	       1.0	       1	       0	       3	       1453	       2431800
coop 	       2	       1.0	       1	       0	       3	       1409	       1757400
coop 	       1	       1.0	       0	       0	       4	       941	       1356600
coop 	       2	       1.0	       1	       0	       2	       1495	       1713000
condo	       4	       3.0	       1	       1	       3	       2660	       3720000
condo	       5	       2.5	       0	       0	       2	       2325	       3267000
condo	       3	       1.5	       1	       0	       2	       1840	       2772000
coop 	       1	       1.0	       0	       0	       3	       920	       1236000
condo	       6	       4.0	       0	       0	       2	       2931	       3870600
condo	       1	       1.0	       0	       0	       5	       963	       2041800
coop 	       2	       1.0	       1	       0	       4	       1416	       1905600
coop 	       1	       1.0	       0	       0	       3	       912	       1159200
condo	       1	       1.0	       0	       0	       3	       905	       1803000
condo	       2	       1.0	       1	       0	       3	       1476	       2397600
condo	       2	       1.0	       1	       0	       5	       1466	       2655600
condo	       5	       2.5	       0	       0	       5	       2344	       3650400
coop 	       7	       5.0	       2	       1	       4	       4230	       4926000
condo	       2	       1.0	       1	       0	       3	       1475	       2385000
coop 	       2	       1.0	       1	       0	       2	       1464	       1706400
condo	       2	       1.0	       1	       0	       2	       1443	       2329800
coop 	       3	       2.0	       1	       0	       3	       1909	       2321400
condo	       7	       3.5	       2	       1	       3	       3809	       5093400
coop 	       3	       1.5	       1	       0	       4	       1842	       2353200
condo	       1	       1.0	       0	       0	       4	       937	       1942200
condo	       1	       1.0	       0	       0	       2	       952	       1663200
coop 	       2	       1.0	       1	       0	       4	       1449	       1949400
condo	       2	       1.0	       1	       0	       4	       1409	       2477400
condo	       4	       3.0	       1	       0	       4	       2498	       3598800
coop 	       3	       1.5	       1	       0	       2	       1836	       2133600
condo	       4	       3.0	       1	       0	       3	       2452	       3415200
condo	       1	       1.0	       0	       0	       3	       932	       1819200
condo	       1	       1.0	       0	       0	       4	       910	       1950000
coop 	       1	       1.0	       0	       0	       4	       957	       1306200
condo	       1	       1.0	       0	       0	       4	       906	       1863600
condo	       3	       1.5	       1	       0	       4	       1841	       2964600
condo	       2	       1.0	       1	       0	       5	       1489	       2705400
condo	       4	       2.0	       1	       1	       2	       2430	       3402000
coop 	       1	       1.0	       0	       0	       3	       917	       1162200
coop 	       7	       6.0	       2	       1	       3	       4499	       4919400
condo	       6	       3.0	       0	       0	       4	       2744	       4034400
condo	       3	       2.0	       1	       1	       4	       2164	       3278400
coop 	       2	       1.0	       1	       0	       3	       1468	       1828800
coop 	       3	       1.5	       1	       1	       2	       2109	       2333400
condo	       4	       2.0	       1	       0	       4	       2248	       3388800
coop 	       3	       1.5	       1	       0	       3	       1815	       2169000
coop 	       5	       2.5	       1	       0	       3	       2578	       3142800
condo	       2	       1.0	       1	       0	       5	       1414	       2660400
condo	       3	       2.0	       1	       0	       3	       1987	       2968200
condo	       1	       1.0	       0	       0	       2	       932	       1627200
condo	       1	       1.0	       0	       0	       4	       984	       1898400
condo	       4	       3.0	       1	       0	       4	       2436	       3609600
condo	       2	       1.0	       1	       0	       4	       1477	       2542200
condo	       2	       1.0	       1	       0	       5	       1420	       2604000
condo	       1	       1.0	       0	       0	       4	       989	       1901400
